A = randi(3)

A =

     3

A = randi(3,3)

A =

     3     2     2
     1     1     3
     3     1     3

B = randi(3,3)

B =

     1     2     2
     3     3     3
     3     1     3

ELEMENT_WISE_MULT = A.*B

ELEMENT_WISE_MULT =

     3     4     4
     3     3     9
     9     1     9

MATRIX_MULT = A * B

MATRIX_MULT =

    15    14    18
    13     8    14
    15    12    18

SQUARE_A = A * A

SQUARE_A =

    17    10    18
    13     6    14
    19    10    18

CUBE_B = B * B * B

CUBE_B =

    85    70    98
   147   120   168
   105    84   120

A_2_B_3 = A * A * B * B * B

A_2_B_3 =

        4805        3902        5506
        3457        2806        3962
        4975        4042        5702

B_3_A_2 = B * B * B * A * A 

B_3_A_2 =

        4217        2250        4274
        7251        3870        7350
        5157        2754        5226

DIFFERENCE_A_2_B_3_AND_B_3_A_2 = A_2_B_3 - A_3_B_2 
{Unrecognized function or variable 'A_3_B_2'.
} 
DIFFERENCE_A_2_B_3_AND_B_3_A_2 = A_2_B_3 - B_3_A_2

DIFFERENCE_A_2_B_3_AND_B_3_A_2 =

         588        1652        1232
       -3794       -1064       -3388
        -182        1288         476

myTrace(A)
{Unrecognized function or variable 'myTrace'.
} 
pwd

ans =

    'C:\Users\user\Documents\Aarav'

TRACE_A = myTrace(A)
{Unrecognized function or variable 'myTrace'.
} 
TRACE_A = myTrace(A)

TRACE_A =

     7

DET_A = myDet(A)

result =

     8


DET_A =

     8

DET_A = myDet(A)

DET_A =

     8

det(A)

ans =

     8

% isequal(A, B) will return 1 if both have same values else 0
DET_A = myDet(A)

DET_A =

     8

isequal(DET_A, det(A))

ans =

  <a href="matlab:helpPopup('logical')" style="font-weight:bold">logical</a>

   1

DTERMINANT_CHECK = isequal(DET_A, det(A))

DTERMINANT_CHECK =

  <a href="matlab:helpPopup('logical')" style="font-weight:bold">logical</a>

   1

DETERMINANT_CHECK = isequal(DET_A, det(A))

DETERMINANT_CHECK =

  <a href="matlab:helpPopup('logical')" style="font-weight:bold">logical</a>

   1

TRACE_CHECK = isequal(TRACE_A, trace(A))

TRACE_CHECK =

  <a href="matlab:helpPopup('logical')" style="font-weight:bold">logical</a>

   1

C = randi([5,25], 3, 3) % 3*3 matrix with elements between 5 & 25

C =

    25    22    20
    18    24    20
     5    19    13

% Singular if det == 0
isSingular = isequal(det(C), 0)

isSingular =

  <a href="matlab:helpPopup('logical')" style="font-weight:bold">logical</a>

   0

% We don't have invertible C
C = randi([5,25], 3, 3) % 3*3 matrix with elements between 5 & 25

C =

    18     5     7
     8    10    22
    19     5    19

isSingular = isequal(det(C), 0)

isSingular =

  <a href="matlab:helpPopup('logical')" style="font-weight:bold">logical</a>

   0

% STUPIDITY!! 0 means `FALSE`
INV_C = inv(C)

INV_C =

    0.0465   -0.0349    0.0233
    0.1547    0.1215   -0.1977
   -0.0872    0.0029    0.0814

% Inverse can Also be calculated by C \ eye(n: size)
INV_C = C \ eye(3)

INV_C =

    0.0465   -0.0349    0.0233
    0.1547    0.1215   -0.1977
   -0.0872    0.0029    0.0814

diary off
[L, U] = lu(C)

L =

    0.9474    0.0333    1.0000
    0.4211    1.0000         0
    1.0000         0         0


U =

   19.0000    5.0000   19.0000
         0    7.8947   14.0000
         0         0  -11.4667

[Warning: Function lu has the same name as a MATLAB built-in. We suggest you rename the function to avoid a potential name
conflict.] 
[Warning: Function lu has the same name as a MATLAB built-in. We suggest you rename the function to avoid a potential name
conflict.] 
[L_man, U_man] = lu_nopivot(C)

L_man =

    1.0000         0         0
    0.4444    1.0000         0
    1.0556   -0.0357    1.0000


U_man =

   18.0000    5.0000    7.0000
         0    7.7778   18.8889
         0         0   12.2857

L_man * U_man

ans =

    18     5     7
     8    10    22
    19     5    19

A = [2 1 -1; -3 -1 2; -2 1 2]

A =

     2     1    -1
    -3    -1     2
    -2     1     2

B = [8; -11; -3]

B =

     8
   -11
    -3

B * inv(A)
{Error using <a href="matlab:matlab.lang.internal.introspective.errorDocCallback('mtimes')" style="font-weight:bold"> * </a>
Incorrect dimensions for matrix multiplication. Check that the number of columns in the first matrix matches the number of rows in
the second matrix. To operate on each element of the matrix individually, use TIMES (.*) for elementwise multiplication.

<a href="matlab:helpview('matlab','error_innerdim')" style="font-weight:bold">Related documentation</a>
} 
size(B)

ans =

     3     1

tr(B) * inv(A)
{Unrecognized function or variable 'tr'.
} 
transpose(B) * inv(A)

ans =

   39.0000   34.0000  -16.0000

B = [8 -11 -3]

B =

     8   -11    -3

B * inv(A)

ans =

   39.0000   34.0000  -16.0000

size(B)

ans =

     1     3

B = transpose(B)

B =

     8
   -11
    -3

size(B)

ans =

     3     1

B * inv(A)
{Error using <a href="matlab:matlab.lang.internal.introspective.errorDocCallback('mtimes')" style="font-weight:bold"> * </a>
Incorrect dimensions for matrix multiplication. Check that the number of columns in the first matrix matches the number of rows in
the second matrix. To operate on each element of the matrix individually, use TIMES (.*) for elementwise multiplication.

<a href="matlab:helpview('matlab','error_innerdim')" style="font-weight:bold">Related documentation</a>
} 
B

B =

     8
   -11
    -3

answer = Gauss_Jordan_Elimination(A, B)

answer =

    2.0000
    3.0000
   -1.0000

inv(A) * B

ans =

    2.0000
    3.0000
   -1.0000

answer = invUsingLU(A, B)

answer =

    2.0000
    3.0000
   -1.0000

diary off
